D1716		0753 0235     -2.02243e-09  -1.50495e-01
D1715		0216 0239     -2.01770e-09   3.23664e-01 
D1719 		0911 1004     -1 -1
D1721 		0386 054      +2.65052e-09  -3.79155e-01 
D1721_swap 	054 0386      -5.13701e-09   1.92803e-01
D1718_old 	0393 0155     +4.89697e-11  -2.92635e-01 
D1718		0057 0155     -4.05905e-09  -2.16321e-02 
D1717 		0483 0235     -2.32333e-09  -3.99182e-01
D1714           0140 0061     -1.58556e-09  -2.08752e-01
D1720		0953 0066     -2.47397e-09  -1.23931e-02 
D1722		0566 0082     -3.84789e-09   5.11501e-02
D1723		0305 0552     -4.35351e-09  -2.06283e-01
