PMT 	Gain - p0	Err. p0		Gain - p1  Err. p1
0235	3.535E-15	2.795E-14  	6.7	1.126
0753	3.700E-13	1.437E-12  	5.988	0.5522
0155	3.897E-12	1.829E-12   	5.669 0.06687
0082	1.804E-14	5.813E-14	6.548	0.4613
0216	9.724E-10	2.847E-09	4.837	0.4187
0170	7.555E-18	4.791E-18	7.547 0.08866
054	5.453E-14	5.926E-13	6.351	1.562
0061	4.587E-18	7.774E-18	7.654	0.2399
0066	5.379E-11	1.864E-10	5.301	0.4956
0140	9.145E-19	4.139E-19	7.903	0.0611
0239	1.746E-19	5.966E-20	8.154 0.04741
0305	2.027E-13	1.553E-12	6.056	1.102
0386	5.090E-19	1.807E-19	8.034 0.04822
0393	6.132E-17	2.380E-16	7.329	0.5599
0446	6.978E-16	6.032E-15	6.926	1.245
0483	7.044E-19	4.130E-19	7.953 0.07852
0552	9.520E-14	1.846E-13	6.19    0.28
0566	2.307E-14	5.138E-14	6.391	0.3189
0911	3.842E-19	1.576E-19 	7.824	0.0531
0953	1.349E-15	6.639E-15	6.791	0.7086
1004	1.251E-10	2.454E-10	5.03	0.2787
0057	2.583E-16	8.828E-16	6.956	0.4645
